    energy        flux      relative
    1.0000E-11   2.61570E-12 1.0000
    3.0900E-10   7.50635E-09 0.0793
    3.9700E-10   6.28586E-09 0.0902
    5.1000E-10   1.29721E-08 0.1198
    6.5400E-10   2.29572E-08 0.0698
    8.4000E-10   4.33956E-08 0.0519
    1.0800E-09   6.68468E-08 0.0415
    1.3900E-09   1.11630E-07 0.0361
    1.7800E-09   1.94873E-07 0.0485
    2.2800E-09   3.04986E-07 0.0283
    2.9300E-09   5.64192E-07 0.0181
    3.7700E-09   1.26692E-06 0.0147
    4.8400E-09   1.42421E-06 0.0165
    6.2100E-09   2.07239E-06 0.0106
    7.9700E-09   3.50303E-06 0.0091
    1.0200E-08   5.52540E-06 0.0107
    1.3100E-08   9.53284E-06 0.0057
    1.6900E-08   1.19434E-05 0.0045
    2.1700E-08   1.72830E-05 0.0066
    2.7800E-08   2.52553E-05 0.0044
    3.5700E-08   2.95491E-05 0.0143
    4.5900E-08   3.55167E-05 0.0035
    5.8900E-08   3.97145E-05 0.0239
    7.5600E-08   3.41300E-05 0.0032
    9.7100E-08   3.02401E-05 0.0048
    1.2500E-07   1.91523E-05 0.0048
    1.6000E-07   1.12225E-05 0.0062
    2.0600E-07   5.46428E-06 0.0077
    2.6400E-07   2.80942E-06 0.0124
    3.3900E-07   2.16006E-06 0.0120
    4.3500E-07   1.98166E-06 0.0134
    5.5900E-07   2.03348E-06 0.0152
    7.1800E-07   1.91265E-06 0.0145
    9.2100E-07   1.88014E-06 0.0136
    1.1800E-06   1.78955E-06 0.0163
    1.5200E-06   1.88182E-06 0.0501
    1.9500E-06   1.77008E-06 0.0150
    2.5100E-06   1.80007E-06 0.0174
    3.2200E-06   1.84920E-06 0.0421
    4.1300E-06   1.69290E-06 0.0207
    5.3000E-06   1.69417E-06 0.0205
    6.8100E-06   1.66179E-06 0.0151
    8.7400E-06   1.78331E-06 0.0461
    1.1200E-05   1.66728E-06 0.0138
    1.4400E-05   1.68202E-06 0.0140
    1.8500E-05   1.73780E-06 0.0148
    2.3800E-05   1.70467E-06 0.0146
    3.0500E-05   1.72518E-06 0.0146
    3.9200E-05   1.72166E-06 0.0138
    5.0300E-05   1.72403E-06 0.0146
    6.4600E-05   1.74315E-06 0.0139
    8.2900E-05   1.77179E-06 0.0172
    1.0700E-04   1.75434E-06 0.0141
    1.3700E-04   1.74944E-06 0.0157
    1.7600E-04   1.80172E-06 0.0177
    2.2500E-04   1.68999E-06 0.0122
    2.9000E-04   1.89712E-06 0.0199
    3.7200E-04   1.84958E-06 0.0240
    4.7700E-04   1.83706E-06 0.0182
    6.1300E-04   1.84841E-06 0.0145
    7.8700E-04   1.84436E-06 0.0230
    1.0100E-03   1.86352E-06 0.0156
    1.3000E-03   1.90397E-06 0.0179
    1.6700E-03   1.90953E-06 0.0160
    2.1400E-03   1.85210E-06 0.0140
    2.7500E-03   1.88589E-06 0.0131
    3.5300E-03   1.90369E-06 0.0183
    4.5300E-03   1.88059E-06 0.0136
    5.8100E-03   1.93715E-06 0.0149
    7.4700E-03   1.88863E-06 0.0168
    9.5900E-03   2.04766E-06 0.0195
    1.2300E-02   2.08041E-06 0.0215
    1.5800E-02   2.06593E-06 0.0138
    2.0300E-02   2.12267E-06 0.0192
    2.6100E-02   2.18055E-06 0.0129
    3.3500E-02   2.38522E-06 0.0135
    4.3000E-02   1.98075E-06 0.0134
    5.5200E-02   2.51489E-06 0.0180
    7.0800E-02   2.67457E-06 0.0136
    9.1000E-02   2.80283E-06 0.0118
    1.1700E-01   3.01695E-06 0.0107
    1.5000E-01   3.54896E-06 0.0307
    1.9300E-01   3.79233E-06 0.0152
    2.4700E-01   4.26053E-06 0.0163
    3.1800E-01   5.15967E-06 0.0096
    4.0800E-01   5.74281E-06 0.0093
    5.2300E-01   5.91084E-06 0.0122
    6.7200E-01   7.85872E-06 0.0086
    8.6300E-01   9.67245E-06 0.0100
    1.1100E+00   8.98700E-06 0.0065
    1.4200E+00   1.07667E-05 0.0067
    1.8300E+00   1.21348E-05 0.0051
    2.3500E+00   1.19504E-05 0.0046
    3.0100E+00   1.16547E-05 0.0046
    3.8700E+00   8.43204E-06 0.0050
    4.9700E+00   5.67160E-06 0.0044
    6.3800E+00   2.87078E-06 0.0071
    8.1900E+00   1.03768E-06 0.0131
    1.0500E+01   2.16219E-07 0.0186
    1.3500E+01   2.74223E-08 0.0481
    1.7300E+01   1.17291E-09 0.1517
    2.0000E+01   6.21468E-12 1.0000
      total      5.07176E-04 0.0023

                                                                                                               
